1 42
1 471
1 553
1 644
1 790
1 838
2 325
2 397
2 510
2 629
2 656
2 716
2 772
3 56
3 521
4 321
4 350
4 459
4 524
4 543
4 578
4 592
4 599
4 622
5 7
5 543
5 981
6 39
6 46
6 432
6 547
6 553
6 794
6 819
7 29
7 38
7 152
7 336
7 412
7 429
7 766
8 108
8 306
8 388
8 870
8 894
8 902
8 962
8 964
8 994
9 80
9 107
9 129
9 163
9 304
9 437
9 629
9 705
9 815
10 405
10 420
10 443
10 561
10 566
10 813
11 188
11 214
11 418
12 51
12 86
12 374
12 571
12 684
12 970
13 146
13 325
13 395
13 444
13 628
14 840
15 60
15 85
15 371
15 387
15 456
16 764
16 868
17 60
17 360
17 557
17 592
18 8
18 50
18 117
18 753
18 877
18 954
19 519
19 624
20 432
20 870
21 221
21 723
21 959
22 99
22 102
22 139
22 194
22 266
22 462
23 7
23 35
23 127
23 172
23 221
23 607
24 106
24 351
24 432
24 599
25 124
25 740
25 988
25 989
25 990
26 155
26 374
26 806
26 848
27 167
27 497
27 733
28 39
28 106
28 123
28 169
28 214
28 287
28 593
28 601
28 729
28 778
28 847
28 911
29 107
29 135
29 589
29 673
29 820
30 25
30 179
30 601
30 934
31 374
31 414
31 571
32 116
32 123
32 773
33 3
33 105
33 806
34 201
34 682
34 803
34 916
35 404
35 668
36 36
36 416
36 559
36 719
37 47
37 148
37 238
37 278
37 368
37 446
37 544
37 584
38 12
38 47
38 471
38 855
38 970
39 772
39 961
40 737
41 447
41 456
41 692
41 934
42 21
42 83
42 255
42 803
42 981
43 150
43 371
43 425
43 477
43 773
43 966
43 994
44 7
44 245
44 644
44 733
44 946
45 744
46 11
46 29
46 119
46 412
46 490
46 571
46 813
46 874
46 909
47 15
47 283
47 472
47 682
48 166
48 274
48 473
48 707
48 835
49 182
49 281
49 442
49 506
49 682
49 820
49 845
50 441
50 456
50 487
50 756
50 801
50 832
51 144
51 280
51 335
51 582
51 834
51 923
52 17
52 335
52 543
52 625
52 778
52 874
53 221
53 416
53 575
53 595
54 38
54 310
54 348
54 439
54 583
54 629
54 789
55 500
55 613
55 624
55 859
56 42
56 240
56 532
56 648
57 40
57 95
57 561
57 647
57 827
58 344
58 537
58 540
59 38
59 416
59 559
59 656
59 858
59 931
60 52
60 173
60 182
60 288
60 425
60 620
61 9
61 148
61 241
61 615
61 835
61 950
62 51
62 67
62 69
62 300
62 348
62 874
62 988
63 403
63 438
63 605
64 36
64 277
64 562
65 185
65 429
65 601
66 18
66 219
66 255
66 501
66 575
66 709
66 721
66 806
67 9
67 100
67 103
67 242
67 439
67 829
67 877
68 38
68 295
68 325
69 319
69 628
70 50
70 281
70 876
71 127
71 241
71 277
71 952
72 456
72 558
72 786
72 826
73 220
73 575
74 444
74 613
74 830
74 884
74 990
75 179
75 519
75 607
75 925
76 274
76 592
76 709
76 807
76 895
77 118
77 241
77 259
77 662
77 946
77 962
78 61
78 117
78 173
78 439
78 520
78 737
79 592
80 194
80 414
80 766
81 93
81 472
81 955
82 147
82 155
82 647
82 815
82 835
83 146
83 246
83 306
83 732
84 188
84 274
84 353
84 397
85 217
85 297
85 344
85 519
85 826
85 988
86 123
86 646
86 656
86 868
87 214
87 300
87 369
87 722
87 735
87 776
88 335
88 531
88 561
88 599
88 629
88 907
88 994
89 69
89 188
89 447
89 456
89 692
89 722
89 825
89 893
89 934
89 994
90 124
90 255
90 530
90 558
90 719
90 837
90 855
90 931
90 981
91 204
91 432
91 740
92 209
92 234
92 320
92 321
92 463
92 711
93 523
93 631
93 676
94 36
94 325
94 778
95 829
95 832
95 921
96 14
96 395
96 666
96 828
96 867
96 985
97 328
97 348
97 517
97 705
97 920
98 648
99 179
99 246
99 322
99 339
100 486
100 559
100 850
101 176
101 179
101 360
101 399
101 425
101 682
101 777
102 60
102 85
102 238
102 357
102 358
102 371
102 387
102 456
102 896
103 318
103 325
103 371
103 444
103 494
103 666
103 904
103 931
103 952
104 69
104 829
105 154
105 226
105 416
105 494
105 772
105 884
105 961
106 360
106 545
106 653
107 124
107 291
107 306
107 628
107 734
107 938
108 47
108 476
108 544
108 673
108 807
109 178
109 514
109 623
109 643
110 118
110 527
110 837
110 859
110 961
111 213
111 410
111 738
112 21
112 62
112 67
112 87
112 229
112 371
112 592
112 767
112 815
112 827
113 124
113 221
113 484
113 612
114 332
114 707
114 855
115 17
115 119
115 208
115 764
115 782
116 300
116 337
116 429
116 579
117 68
117 151
117 383
117 559
117 624
117 682
117 852
117 874
117 993
118 524
118 634
118 924
119 137
119 307
119 492
119 572
119 707
119 934
119 949
120 8
120 74
120 235
120 368
120 416
120 628
120 798
120 970
121 570
121 710
121 947
122 146
122 316
122 486
122 507
123 28
123 107
123 209
123 578
123 806
123 987
124 247
124 402
124 623
124 744
124 959
125 20
125 27
125 813
125 868
125 912
125 981
126 78
126 157
126 511
126 737
127 111
127 481
127 778
127 938
128 56
128 81
128 289
128 357
128 433
128 729
128 806
128 951
129 18
129 118
129 482
129 490
129 553
130 117
130 423
130 491
130 648
130 674
130 799
130 820
130 925
130 988
131 36
131 48
131 94
131 471
131 670
132 119
132 238
132 282
132 368
132 673
132 830
133 369
133 398
133 707
133 888
133 932
134 364
134 486
134 863
135 7
135 51
135 733
135 745
135 753
135 782
136 124
136 154
136 415
136 416
136 690
136 858
137 238
137 339
137 347
137 796
138 116
139 909
139 970
140 117
140 132
140 205
140 490
140 827
140 868
140 988
141 214
141 222
141 350
141 766
141 992
142 414
142 808
142 827
142 959
143 48
143 62
143 73
143 123
143 154
143 221
143 281
143 388
143 459
143 613
143 778
143 996
144 125
144 150
144 214
144 791
144 803
145 133
145 403
146 87
146 124
146 293
146 316
146 392
147 569
147 883
147 910
148 132
148 227
148 336
148 557
148 673
148 959
149 145
149 146
149 316
149 486
149 507
149 838
150 80
150 112
150 258
150 432
151 110
151 395
151 782
151 825
152 6
152 147
152 339
152 399
152 443
152 604
153 486
153 579
154 142
154 229
154 601
155 410
155 609
155 709
155 973
156 43
157 73
157 132
157 191
157 246
157 545
158 136
158 339
159 190
159 228
159 258
159 364
159 941
160 259
160 806
161 316
161 540
161 871
161 892
161 992
162 491
162 925
162 934
162 964
162 996
163 277
163 477
164 360
164 524
164 753
164 952
164 998
165 432
165 558
165 820
165 938
165 962
165 999
166 111
166 117
166 199
167 17
167 154
167 372
167 953
168 203
168 328
168 444
168 578
168 813
168 909
169 15
169 38
169 319
169 416
169 676
169 734
169 981
170 127
170 733
170 772
170 784
170 790
170 912
171 214
171 395
171 404
171 460
171 949
172 163
172 321
172 676
172 678
172 740
173 217
173 222
173 325
173 825
174 704
174 744
174 983
175 43
175 70
175 173
175 192
175 544
175 946
176 160
176 281
176 387
176 445
176 606
176 631
176 790
176 909
176 946
176 959
177 62
177 190
177 443
177 494
177 673
177 863
178 387
178 425
178 976
179 338
179 607
179 631
179 703
180 60
180 119
180 132
180 521
180 647
180 772
181 409
181 501
181 662
181 707
181 815
181 820
182 170
182 201
182 300
182 316
182 326
182 357
182 837
182 954
183 116
183 368
183 528
183 538
183 727
184 98
184 217
184 521
184 554
184 990
184 993
185 342
185 373
185 437
185 707
186 124
186 592
186 601
186 607
186 614
186 642
187 26
187 547
188 34
188 87
188 586
188 599
188 620
189 29
189 127
189 219
189 322
189 391
189 442
189 444
189 527
190 221
190 283
190 707
190 828
190 891
190 903
190 912
190 915
190 966
191 248
191 261
191 395
191 714
192 33
192 229
192 289
192 398
192 539
193 493
193 767
193 874
193 963
194 197
195 63
195 123
195 527
195 592
195 873
196 80
196 181
196 201
196 209
196 330
196 397
196 946
196 996
197 147
197 306
197 439
197 442
198 21
198 63
198 173
198 501
198 575
198 578
198 809
199 53
199 93
199 338
199 459
200 60
200 124
200 240
200 280
200 410
200 416
200 910
201 124
201 144
201 155
201 293
201 510
201 860
201 904
202 120
202 353
202 459
202 611
202 613
203 39
203 169
203 214
203 287
203 593
203 778
204 69
204 314
204 409
204 589
204 682
204 709
204 744
204 858
205 49
205 649
205 879
205 890
205 902
205 915
205 988
206 119
206 790
206 813
206 830
207 33
207 246
207 306
207 480
207 500
207 559
207 585
207 992
208 5
208 36
208 94
208 253
209 461
209 881
209 950
210 38
210 132
210 258
210 375
210 693
210 737
210 806
210 807
211 322
211 472
211 542
211 800
211 907
212 112
212 440
212 540
212 668
212 863
213 36
213 214
213 644
213 686
213 740
214 524
215 38
215 150
215 222
215 289
215 828
215 886
216 61
216 220
216 221
216 377
216 565
216 673
216 687
216 747
217 835
217 868
218 321
218 360
218 821
218 999
219 14
219 36
219 233
219 302
219 377
219 399
219 444
219 634
219 757
219 924
220 127
220 238
220 402
220 405
220 514
220 832
220 988
221 43
221 198
221 291
221 319
221 416
221 500
221 699
221 710
221 911
221 939
221 973
222 441
222 709
222 799
223 60
223 124
223 240
223 416
223 743
224 209
224 297
224 456
224 652
224 687
224 876
224 929
225 372
225 955
226 66
226 123
226 300
226 753
226 767
227 63
227 100
227 170
227 178
227 247
227 527
227 589
227 649
227 946
228 109
228 112
228 118
228 586
228 709
228 710
229 73
229 381
229 707
229 901
230 318
230 619
230 643
230 662
231 51
231 144
231 859
231 941
232 11
232 250
232 373
232 821
232 901
232 960
232 973
233 599
233 747
234 610
234 674
234 850
235 132
235 216
235 379
235 518
235 540
235 554
236 612
236 829
237 442
237 480
237 614
237 757
237 889
237 988
238 63
238 126
238 361
238 437
238 527
238 829
238 903
239 119
239 354
239 428
239 480
239 764
239 782
240 154
240 247
240 306
240 326
240 360
240 395
240 404
240 827
240 990
241 274
241 378
241 511
241 561
241 861
241 962
242 153
242 168
242 300
242 592
242 898
243 416
243 620
243 874
244 132
244 243
244 446
244 501
244 673
244 813
244 877
244 996
245 3
245 39
245 86
245 117
245 124
245 214
245 423
245 552
245 806
246 371
246 480
246 806
247 23
247 155
247 299
248 235
249 60
249 405
249 621
249 770
249 780
249 959
250 988
250 993
251 221
251 242
251 412
251 497
251 502
251 578
251 627
251 709
251 764
251 950
252 11
252 52
252 924
253 17
253 193
253 399
253 616
254 589
254 595
254 964
255 148
255 446
255 545
255 723
255 733
255 786
255 993
256 217
256 300
256 720
256 808
256 917
257 142
257 388
257 412
257 598
257 803
257 946
258 89
258 231
258 405
258 690
259 124
259 131
259 425
259 676
259 992
260 117
260 340
260 471
260 545
260 684
261 14
261 51
261 209
261 222
261 838
261 868
262 284
262 553
262 983
263 168
263 231
263 737
263 756
264 67
264 69
264 140
265 33
265 59
265 68
265 73
265 157
265 182
265 619
265 656
265 697
266 71
266 238
266 403
266 607
266 638
266 747
267 45
267 423
267 463
267 666
267 868
267 914
268 84
268 98
268 274
268 331
269 325
269 486
269 579
269 865
270 33
270 570
270 616
270 658
270 852
270 909
271 63
271 83
271 646
271 820
272 43
272 176
272 634
272 669
272 707
272 863
273 51
273 412
273 446
273 490
273 670
273 902
274 155
274 201
274 238
274 293
274 501
274 541
275 18
275 437
275 442
275 688
275 867
275 907
275 981
276 222
276 761
276 815
276 874
277 119
277 246
277 335
277 495
277 545
277 926
278 167
278 477
278 733
278 902
279 259
279 372
279 544
279 595
279 643
279 837
279 891
279 955
280 45
280 145
280 437
280 518
280 631
280 838
281 69
281 201
281 266
281 495
281 737
281 874
282 326
282 403
282 673
282 756
282 852
282 867
283 15
283 172
283 182
283 978
284 118
284 198
284 518
284 969
285 11
285 170
285 430
285 444
285 740
285 909
285 950
286 68
286 209
286 233
286 344
286 436
286 455
286 486
286 495
286 607
286 992
287 155
287 169
287 463
287 530
287 903
288 39
288 78
288 339
288 640
288 735
288 764
288 778
289 27
289 314
289 330
289 886
290 29
290 146
290 193
290 930
291 281
291 575
291 874
291 995
292 48
292 138
292 335
292 524
293 71
293 87
293 159
293 217
293 430
293 559
293 915
294 100
294 221
294 319
294 385
294 500
294 532
294 645
295 39
295 558
295 656
296 23
296 311
296 832
296 839
297 28
297 47
297 397
297 831
297 871
298 168
298 238
298 282
298 368
298 380
298 673
298 988
299 36
299 137
299 603
299 820
300 93
300 175
300 182
300 281
301 200
301 328
301 388
302 11
302 21
302 101
302 416
302 753
303 108
303 119
303 584
303 722
303 894
303 914
304 247
304 274
304 414
304 566
305 612
305 729
305 738
306 63
306 87
306 189
306 272
306 289
306 531
307 233
307 293
307 472
307 539
308 15
308 511
308 723
308 942
308 946
309 124
309 416
309 444
309 522
309 571
309 764
309 807
309 959
309 973
310 63
310 209
310 571
310 676
311 53
311 409
311 973
312 47
312 66
312 109
312 399
312 604
312 656
312 729
312 849
312 859
312 988
313 81
313 224
313 529
313 709
313 908
314 430
314 487
314 607
314 682
314 729
314 820
314 839
315 38
315 692
315 763
316 140
316 159
316 179
316 198
316 283
316 289
316 521
316 571
316 652
317 123
317 131
317 337
317 442
317 707
317 830
317 993
318 42
318 684
318 850
319 55
319 255
319 291
319 480
319 490
319 659
319 818
319 921
320 87
320 132
320 168
320 222
320 300
320 517
320 761
320 883
320 889
320 988
321 140
321 260
321 657
321 709
322 47
322 240
322 487
322 778
322 791
323 205
323 228
323 247
323 430
323 571
323 629
323 839
323 868
323 871
323 934
324 60
324 193
324 424
325 124
325 131
325 425
325 676
325 992
326 184
326 332
326 707
326 751
326 855
327 315
327 442
327 710
328 153
328 204
328 339
328 418
328 463
328 734
328 800
328 870
329 86
329 705
329 795
330 17
330 158
330 459
330 684
330 973
331 137
331 444
331 628
331 740
332 150
332 436
332 854
333 87
333 291
333 620
333 628
333 688
333 747
333 803
334 85
334 167
334 282
334 477
334 800
334 970
335 42
335 155
335 191
335 318
335 776
336 447
336 456
336 692
336 934
336 994
337 124
337 167
337 430
337 595
337 601
337 733
338 226
338 425
338 432
338 747
338 817
338 832
338 927
339 235
339 439
339 442
339 559
340 74
340 499
340 613
340 687
340 908
340 962
341 28
341 38
341 387
341 549
341 744
342 146
342 335
342 413
342 429
342 461
342 723
342 874
342 992
343 29
343 52
343 95
343 335
343 495
343 697
343 800
344 61
344 192
344 222
344 233
344 273
344 423
344 428
344 722
344 807
345 674
345 974
346 179
346 221
346 571
346 686
346 715
346 767
346 876
346 919
347 25
347 193
347 666
347 699
347 721
347 813
347 953
348 47
348 48
348 432
348 561
349 148
349 542
349 553
349 832
350 26
350 56
350 108
350 277
350 293
350 314
350 346
350 521
350 729
350 849
350 904
351 47
351 191
351 217
351 334
351 335
351 543
351 561
351 930
352 291
352 414
352 709
353 124
353 291
353 306
353 480
353 539
353 628
353 734
353 910
353 938
354 132
354 146
354 414
354 442
354 493
355 259
355 335
355 612
355 624
355 750
355 780
356 36
356 209
356 234
356 320
356 321
356 420
356 463
356 711
356 712
357 116
357 139
357 220
357 682
358 147
358 586
358 778
358 855
358 885
358 938
359 306
359 613
359 644
359 665
360 81
360 188
360 321
360 356
360 662
360 855
360 901
361 119
361 179
361 317
361 353
361 471
361 631
361 950
362 518
362 544
362 646
362 734
363 195
363 538
363 656
363 914
364 145
364 351
364 963
365 151
365 353
365 570
365 852
365 859
365 861
366 493
366 732
367 57
367 78
367 124
367 209
367 238
367 521
367 604
367 825
368 521
368 594
369 11
369 250
369 291
369 373
369 901
369 960
370 209
370 463
370 614
370 668
370 988
371 182
372 132
372 486
372 492
372 704
373 173
373 360
374 238
374 277
374 285
374 322
374 467
374 559
374 601
374 772
374 836
375 40
375 259
375 521
375 789
375 893
375 961
376 59
376 357
376 673
377 959
378 43
378 219
378 318
378 582
379 575
379 628
379 710
379 733
380 41
380 154
380 233
380 258
380 539
380 575
380 612
380 631
380 905
381 40
381 146
381 773
382 234
382 316
382 517
382 808
382 811
382 826
383 138
383 213
383 360
383 536
383 578
384 9
384 410
384 628
384 874
384 959
385 137
385 360
385 374
385 399
385 570
385 593
385 801
385 861
386 397
386 540
386 628
386 871
387 63
387 89
387 859
388 674
388 931
389 39
389 55
389 402
389 784
389 800
389 838
389 987
390 63
390 97
390 111
390 118
390 335
390 360
390 425
391 33
391 299
391 357
391 414
391 553
391 810
391 930
391 994
392 47
392 123
392 335
392 447
392 559
392 579
392 743
392 821
392 879
393 140
393 750
393 907
393 917
394 93
394 124
394 571
394 764
395 132
395 482
395 546
395 595
395 707
396 43
396 62
396 258
396 668
396 674
396 914
397 552
397 808
398 178
398 213
398 493
398 599
398 807
399 39
399 51
399 398
399 416
399 432
399 795
400 149
400 198
400 291
400 575
400 826
400 896
400 941
401 71
401 95
401 384
401 477
401 480
401 733
401 996
402 318
402 587
402 727
402 740
402 815
403 17
403 679
403 729
404 212
404 375
404 764
405 233
405 648
405 812
405 974
406 14
406 416
406 441
406 471
406 540
407 287
407 290
407 344
407 425
408 246
408 405
408 738
409 662
409 840
410 55
410 237
410 371
410 625
410 732
411 43
411 188
411 216
411 387
411 634
412 69
412 300
412 753
412 800
412 999
413 176
413 946
414 119
414 931
415 7
415 534
415 543
415 981
415 988
416 36
416 150
416 214
417 159
417 863
417 930
418 166
418 417
418 672
418 831
418 860
419 15
419 319
419 397
419 511
419 553
419 723
419 942
419 946
420 378
420 456
421 8
421 127
421 524
421 542
421 970
422 5
422 125
422 137
422 230
422 545
422 887
422 963
423 185
423 293
423 389
423 471
423 998
424 87
424 127
424 377
424 403
424 518
424 520
424 604
425 53
425 409
425 973
426 120
426 353
426 459
426 611
426 613
426 656
426 874
426 914
427 218
427 432
427 443
427 756
427 764
428 146
428 335
428 592
428 707
428 820
428 992
429 6
429 40
429 77
429 222
429 238
429 385
429 399
429 915
430 222
430 459
430 675
430 783
430 800
431 11
431 266
431 364
431 673
431 904
432 69
432 437
432 578
433 89
433 338
433 879
434 39
434 558
434 656
435 212
435 453
435 467
435 495
435 538
435 631
435 652
436 577
436 589
436 715
436 861
436 962
436 965
437 69
437 436
437 532
437 737
437 782
438 815
439 222
439 442
439 595
439 863
440 111
440 259
440 752
440 786
440 925
441 283
441 356
441 374
441 405
441 764
442 332
442 409
442 413
442 879
442 902
443 127
443 289
443 625
443 758
443 916
444 281
444 467
444 553
444 808
445 178
445 472
445 901
446 148
446 201
447 81
447 432
447 485
447 591
447 628
447 808
447 849
447 909
447 966
448 477
449 5
449 49
449 132
449 298
449 649
449 663
449 851
449 879
449 890
449 902
449 915
449 988
450 246
450 285
450 305
450 368
450 395
450 707
450 723
450 727
450 811
450 827
451 422
451 542
451 722
451 842
452 218
452 375
452 764
453 155
453 456
453 628
453 820
454 16
454 329
454 336
454 530
454 864
454 883
454 892
454 955
454 992
455 11
455 21
455 101
455 135
455 377
455 416
455 482
455 497
455 592
455 682
455 739
455 753
456 29
456 545
456 571
456 614
456 628
456 700
457 47
457 148
457 238
457 278
457 368
457 446
457 544
457 584
458 11
458 744
459 168
459 380
459 571
459 988
460 127
460 166
460 516
461 274
461 520
461 656
461 814
462 38
462 310
462 348
462 439
462 583
462 629
462 789
463 221
463 344
463 459
463 623
463 877
463 985
464 154
464 247
464 306
464 326
464 827
465 493
465 592
465 826
466 23
466 48
466 330
466 580
467 150
467 988
467 989
468 456
468 558
468 614
468 666
468 852
468 961
468 993
469 56
469 293
469 521
469 709
469 729
469 998
470 930
471 477
471 604
471 808
471 909
472 3
472 86
472 423
472 806
473 57
473 201
473 832
474 221
474 322
474 339
474 553
474 732
474 994
475 291
475 300
475 430
475 764
475 902
476 38
476 97
476 198
476 439
476 592
476 697
476 719
477 662
477 996
478 127
478 444
478 759
478 832
478 946
479 62
479 764
479 904
479 963
479 995
480 14
480 330
480 555
480 891
481 78
481 127
481 233
481 255
481 425
481 437
481 498
481 778
481 815
482 367
482 699
482 820
482 827
482 930
483 430
483 442
483 826
483 858
484 45
484 437
484 518
484 631
484 838
485 377
485 405
485 416
485 514
485 740
485 992
486 14
486 302
486 377
486 444
486 634
486 757
486 924
487 531
487 546
488 17
488 133
488 970
489 553
489 733
489 886
489 972
490 39
490 72
490 160
490 874
490 879
491 154
491 472
491 868
491 903
492 11
492 52
492 924
492 961
492 993
493 12
493 291
493 318
493 402
493 561
493 743
493 800
494 39
494 99
494 102
494 139
494 194
494 266
494 462
494 545
495 3
495 50
495 209
495 765
496 147
496 238
496 336
496 799
497 289
497 377
497 477
497 553
497 809
497 912
498 86
499 182
499 281
499 289
499 318
499 399
499 437
499 729
499 925
500 39
500 51
500 398
500 416
500 795
501 336
501 595
501 976
502 277
502 399
502 444
502 553
503 14
503 51
503 85
503 209
503 222
503 612
503 838
503 868
504 60
504 375
504 445
505 221
505 259
505 402
505 485
505 704
505 879
506 456
506 509
506 527
507 87
507 123
507 127
507 260
507 988
508 371
508 679
508 994
509 444
509 863
509 961
510 437
510 521
510 541
510 780
510 833
511 111
511 481
511 778
511 938
512 221
512 374
512 414
512 526
512 545
512 571
512 942
513 106
513 119
513 281
513 387
513 471
513 531
513 876
513 881
513 962
514 150
514 289
515 303
515 399
515 453
515 640
515 732
515 903
515 927
516 187
516 642
516 657
516 752
517 50
517 571
517 656
517 828
517 830
518 104
518 319
518 781
518 956
519 33
519 132
519 233
519 474
519 733
519 963
520 52
520 221
520 799
520 960
520 962
521 71
521 107
521 348
521 380
521 415
521 629
521 705
521 724
521 998
522 209
522 259
522 297
522 687
522 876
522 929
523 584
523 665
523 868
524 490
524 553
524 559
524 662
524 664
525 93
525 699
526 17
526 176
526 238
526 280
526 737
526 855
526 874
527 43
527 130
527 592
527 688
527 813
528 707
529 7
529 990
530 290
530 398
530 671
530 682
531 376
531 472
531 542
531 800
532 127
532 240
532 966
533 320
533 324
533 509
533 524
533 902
534 80
534 201
534 209
534 330
534 397
534 946
534 996
535 69
535 116
535 145
535 148
535 217
535 481
535 647
535 657
535 772
535 785
535 873
535 903
536 437
536 764
537 47
537 221
537 414
538 338
538 346
538 371
538 539
539 465
539 624
539 840
540 575
540 674
540 955
541 107
541 707
541 837
541 852
542 139
542 299
542 429
542 446
543 277
543 291
543 331
543 720
543 991
544 442
544 541
544 713
544 903
545 300
545 409
545 834
545 871
545 973
546 578
546 625
547 26
547 121
547 601
547 621
548 306
548 368
548 399
548 459
549 231
549 338
549 613
550 403
550 516
550 677
550 721
550 854
550 894
551 146
551 336
552 333
552 338
552 893
553 521
553 592
554 572
554 679
554 783
554 806
554 835
554 941
555 39
555 219
555 327
555 466
555 527
555 531
555 814
556 203
556 234
557 221
557 350
557 377
557 583
557 628
557 946
558 221
558 490
559 216
559 623
559 629
560 169
560 409
560 487
560 507
560 954
561 13
561 59
561 132
561 212
561 461
561 660
561 827
561 890
562 8
562 293
562 589
563 106
563 159
563 350
563 527
563 828
563 878
563 998
564 87
564 159
564 217
564 430
564 559
564 915
565 229
565 514
565 908
566 274
566 300
566 482
566 501
566 592
566 709
566 807
566 895
567 76
567 81
567 377
567 837
567 902
567 921
568 3
568 21
568 169
568 329
568 903
569 464
569 539
569 656
569 731
569 764
570 180
570 344
570 553
570 829
571 69
571 374
571 439
571 668
571 707
571 837
571 902
572 38
572 39
572 67
572 767
572 970
573 246
573 316
573 631
573 707
573 812
574 127
574 347
574 586
574 914
575 109
575 628
575 868
576 168
576 188
576 197
576 274
576 353
576 397
576 404
576 420
576 589
576 805
577 281
577 994
578 283
578 339
578 377
578 990
579 117
579 133
579 260
579 378
579 577
579 619
579 620
579 628
579 764
579 802
580 52
580 160
580 221
580 656
580 666
580 799
580 960
580 962
581 283
581 412
581 425
581 451
581 811
581 827
581 917
582 94
582 521
582 773
582 949
582 996
583 38
583 190
583 405
583 650
583 831
584 80
584 238
584 346
584 472
584 497
584 732
584 737
584 833
584 885
585 7
585 26
585 118
585 148
585 549
585 874
585 903
586 23
586 484
586 709
586 874
586 904
586 905
586 908
586 934
587 69
587 261
587 444
587 447
587 664
587 722
587 832
588 274
588 603
588 722
588 800
589 9
589 325
589 374
589 631
589 737
589 849
590 166
590 281
590 289
590 303
590 809
591 599
592 72
592 209
592 247
593 166
593 168
593 209
593 481
593 669
593 806
593 871
594 238
594 263
594 592
594 629
594 679
594 710
594 781
594 798
594 860
594 941
595 658
595 773
595 807
596 5
596 299
596 307
596 472
596 530
596 716
596 722
596 827
596 959
597 159
597 538
597 709
597 781
597 908
598 123
598 212
598 218
598 248
598 375
598 578
598 592
598 764
599 592
599 741
599 961
600 174
600 601
600 832
600 879
600 901
600 925
601 707
601 814
601 877
602 29
602 274
602 709
603 417
603 737
604 414
604 509
604 798
604 853
604 870
604 994
605 36
605 459
605 863
606 283
606 371
606 500
606 799
606 868
607 3
607 248
607 477
607 624
607 673
607 773
607 794
608 138
608 147
608 238
608 336
608 337
608 629
608 799
609 155
609 242
610 27
610 91
610 127
610 150
610 424
610 584
610 770
611 33
611 34
611 69
611 117
611 538
611 656
611 945
612 135
612 805
612 871
613 195
613 209
613 432
613 553
613 901
614 93
614 300
614 316
614 837
615 342
615 373
615 437
615 472
615 707
615 808
615 832
616 87
616 507
616 837
616 961
617 238
617 334
617 366
617 415
618 553
618 634
618 682
618 988
619 465
619 540
619 773
619 827
620 195
620 209
620 432
620 553
620 901
621 7
621 55
621 368
621 437
621 756
621 837
622 189
622 377
622 471
622 666
622 790
622 875
623 707
623 992
624 69
624 193
624 414
624 874
624 912
625 167
625 589
625 603
625 623
625 673
625 820
626 186
626 542
626 891
626 950
627 208
627 412
627 419
627 511
628 321
628 338
629 40
629 413
629 471
629 545
629 547
629 961
630 574
630 673
631 22
631 62
631 567
632 666
632 961
633 35
633 205
633 291
633 368
633 886
634 145
634 185
634 416
634 509
634 986
635 87
635 395
635 443
635 444
635 587
635 807
635 873
636 83
636 221
636 707
637 248
637 595
637 707
638 101
638 625
638 809
639 387
639 704
639 806
640 107
640 124
640 163
640 241
640 447
640 472
640 488
640 716
640 881
640 952
641 502
642 169
642 463
642 530
642 903
643 334
643 752
643 756
643 902
643 993
644 132
644 988
645 400
645 667
645 737
646 48
646 520
646 558
646 752
646 959
647 124
647 644
647 738
647 891
648 314
648 521
648 874
649 306
649 319
649 486
649 790
649 877
650 255
650 293
650 682
650 894
650 963
651 53
651 300
651 571
651 599
652 127
652 167
652 189
652 221
652 246
652 534
652 851
653 47
653 66
653 109
653 399
653 859
654 87
654 404
655 20
655 27
655 868
655 912
655 981
656 132
656 543
656 592
656 871
657 18
657 118
657 482
657 490
657 553
657 961
658 71
658 131
658 185
658 404
658 495
658 652
659 601
660 138
660 154
660 486
660 492
660 598
660 604
660 728
660 938
661 28
661 124
661 139
661 527
661 600
661 800
661 959
662 891
662 981
662 988
663 124
663 188
663 699
664 613
664 753
665 67
665 191
665 647
665 756
665 839
666 332
666 409
666 413
666 879
666 902
667 112
667 289
667 378
667 669
667 728
667 807
668 154
668 353
669 15
669 47
669 299
669 497
669 773
669 797
669 910
669 994
670 138
670 154
670 209
670 314
670 338
671 40
671 240
671 316
671 364
671 858
671 917
672 572
672 709
672 952
673 482
673 615
673 767
673 886
673 934
674 117
674 395
674 558
674 699
674 709
675 99
675 353
675 402
675 478
675 601
675 767
675 807
675 908
675 966
676 603
676 623
677 35
677 706
677 795
677 868
678 36
678 48
678 96
678 566
678 691
679 559
680 33
680 480
681 319
681 457
681 612
681 789
681 852
681 860
682 12
682 85
682 500
683 17
683 316
683 908
684 52
684 81
684 144
684 274
684 729
684 735
684 778
685 154
685 222
685 527
685 613
685 746
685 925
685 981
686 148
686 584
687 330
687 366
687 629
687 658
687 771
688 510
688 782
688 892
688 934
689 432
689 545
689 709
690 52
690 331
690 402
690 673
691 372
691 453
691 955
692 123
692 344
692 353
692 553
692 800
692 832
692 989
693 8
693 148
693 437
693 470
694 247
694 516
694 973
695 14
695 63
695 778
696 24
696 326
696 327
696 331
696 463
696 855
697 48
697 224
697 356
697 601
697 736
697 753
698 25
698 127
698 606
698 618
699 151
699 222
699 375
699 570
699 631
699 676
699 832
699 861
700 107
700 521
700 540
701 109
701 154
701 163
701 242
701 442
701 568
701 780
701 789
701 849
701 874
702 148
702 395
702 538
702 838
702 874
703 247
703 318
703 575
703 647
703 815
703 874
704 38
704 73
704 402
704 442
704 837
705 85
705 106
705 167
705 607
705 815
706 197
706 482
706 688
707 69
707 148
707 395
707 473
707 692
707 820
708 444
708 482
708 721
708 811
708 844
708 871
708 889
709 418
709 571
709 903
710 50
710 281
710 876
711 153
711 168
711 300
711 592
711 898
712 344
712 553
712 917
713 7
713 135
713 471
713 516
713 559
713 764
713 835
713 949
714 61
714 117
714 147
714 188
714 595
714 623
714 629
714 648
714 682
714 974
715 209
715 377
715 931
716 183
716 444
716 480
716 666
716 800
716 809
717 219
717 255
717 293
717 682
717 894
717 963
718 69
718 510
718 692
718 820
719 5
719 224
719 490
719 557
719 807
719 976
720 241
720 546
720 553
720 657
720 753
720 831
720 973
721 425
721 879
722 120
722 336
722 428
722 664
723 11
723 72
723 138
723 266
723 277
723 440
723 585
723 682
723 778
723 879
724 152
724 173
724 360
724 863
725 183
725 354
725 537
725 696
725 959
726 85
726 263
726 550
726 664
726 963
727 42
727 116
727 212
727 238
727 259
727 360
727 536
727 677
727 767
728 85
728 317
728 430
728 592
728 806
728 827
729 117
729 504
729 644
729 652
729 721
730 325
730 339
730 404
730 442
730 444
730 909
731 62
731 575
731 784
731 803
732 11
732 81
732 486
732 527
732 742
732 926
733 17
733 158
733 459
733 684
733 973
734 484
734 495
734 699
734 874
734 933
735 23
735 50
735 108
735 212
735 388
735 439
735 902
735 903
736 86
736 485
736 704
736 884
737 140
737 148
737 293
737 327
737 436
737 925
738 140
738 159
738 179
738 198
738 283
738 289
738 521
738 571
738 652
739 63
739 89
739 141
739 281
739 337
739 579
739 733
739 948
740 306
740 316
740 523
740 546
740 903
741 188
741 529
741 531
741 554
741 894
741 959
742 169
742 409
742 487
742 507
742 954
743 47
743 217
743 334
743 930
744 289
745 179
745 519
745 607
745 925
746 569
746 670
746 807
747 166
747 733
747 745
747 806
748 140
748 159
748 179
748 198
748 283
748 289
748 521
748 571
748 652
749 540
750 3
750 433
750 493
750 595
750 647
750 729
751 222
752 124
752 219
752 248
752 255
752 377
752 530
752 558
752 719
752 837
752 855
752 884
752 931
752 981
753 66
753 140
753 523
753 553
754 35
754 198
754 996
755 3
755 63
755 221
755 425
755 487
755 551
755 631
755 709
755 925
756 10
756 87
756 252
756 364
756 553
756 884
757 21
757 38
757 83
757 255
757 803
757 981
758 72
758 172
758 191
758 827
759 381
759 649
759 724
759 875
759 963
760 154
760 486
761 204
761 339
761 418
761 800
762 326
762 491
762 656
763 104
763 360
763 937
764 83
764 311
765 91
765 437
765 543
765 553
765 561
765 647
765 675
765 682
765 800
765 851
766 261
766 378
766 404
766 456
766 916
766 974
767 137
767 183
767 319
767 444
767 480
767 539
767 666
767 800
767 809
767 973
767 981
768 14
768 216
768 399
768 921
769 67
769 628
769 813
770 221
770 258
770 261
770 416
770 544
770 569
770 803
771 116
771 405
771 724
771 806
772 171
772 901
773 150
773 523
773 662
773 782
773 808
773 876
774 11
774 36
774 300
774 674
774 802
774 901
774 904
775 87
775 98
775 205
775 221
775 275
775 439
775 553
775 800
776 360
776 536
777 83
777 87
777 221
777 248
777 571
777 955
778 109
778 519
779 8
779 39
779 51
779 398
779 416
779 432
779 463
779 675
779 795
779 806
780 474
780 820
781 612
781 729
781 738
782 26
782 116
782 123
782 188
782 274
782 374
782 599
782 607
782 627
782 773
782 794
782 827
782 915
783 36
783 400
783 460
783 565
783 644
783 677
783 956
784 106
784 360
784 545
784 623
784 653
785 0
785 756
785 877
786 490
786 584
786 631
786 855
786 860
786 907
787 47
787 214
788 36
788 221
788 233
788 375
788 516
788 868
789 144
789 216
789 279
789 374
789 699
790 130
790 215
790 963
790 994
791 36
791 87
791 137
791 409
791 480
791 555
791 879
791 904
791 914
791 988
792 522
792 764
792 807
792 973
793 38
793 325
793 902
794 316
794 395
794 636
794 924
794 925
795 59
795 357
795 673
796 28
796 154
796 284
796 351
796 403
796 546
797 11
797 41
797 653
797 672
797 764
798 274
798 482
798 688
798 800
799 71
799 404
799 495
800 102
800 243
800 449
800 456
800 656
801 543
801 660
801 903
802 104
802 238
802 395
802 605
802 755
803 152
803 274
803 545
803 884
804 14
804 325
804 401
804 707
804 721
804 764
804 907
805 300
805 342
805 623
806 81
806 170
806 612
806 622
806 707
806 772
806 871
806 876
806 946
806 959
807 338
807 445
807 674
808 38
808 43
808 430
808 673
808 843
809 471
809 530
809 546
809 603
809 992
810 231
810 277
810 368
810 895
811 36
811 73
811 155
811 322
811 359
811 670
811 707
812 336
812 361
812 723
812 780
812 808
812 842
813 860
813 990
814 38
814 190
814 405
814 432
814 650
814 831
815 148
815 772
815 876
816 360
816 545
816 653
817 501
817 721
817 886
818 112
818 536
818 542
818 615
818 667
819 160
819 170
819 516
819 627
819 753
819 801
819 908
820 209
820 299
820 552
820 624
820 800
821 359
821 364
821 566
821 798
822 46
822 353
822 466
822 533
822 707
822 845
822 871
823 140
823 278
823 293
823 732
824 140
824 163
824 259
824 371
824 432
825 472
825 868
826 9
826 12
826 501
827 744
827 946
828 61
828 117
828 147
828 188
828 629
828 648
829 415
829 559
829 798
830 233
830 287
831 55
831 209
831 545
831 647
831 667
831 884
831 949
832 111
832 259
832 752
832 786
832 925
833 87
833 101
833 274
833 486
833 806
834 169
834 416
834 443
834 471
834 601
834 756
834 913
835 14
835 219
835 416
835 456
835 471
835 540
835 558
835 786
835 826
836 287
836 502
836 891
837 38
837 73
837 402
837 442
837 628
837 837
838 123
838 148
838 150
838 381
838 414
838 439
838 899
838 934
838 950
839 198
839 371
839 521
839 717
839 815
839 873
840 24
840 274
840 419
840 717
840 901
841 43
841 371
841 996
842 0
842 7
842 314
842 409
842 575
842 592
843 330
843 604
843 776
843 806
843 908
844 257
844 273
844 336
844 622
844 827
845 410
845 488
845 557
845 709
845 855
845 998
846 231
846 277
846 368
846 895
847 350
847 601
847 648
847 664
847 799
847 867
848 127
848 147
848 418
848 527
848 949
849 178
849 367
849 374
850 42
850 460
850 592
850 631
851 11
851 314
851 318
851 416
851 999
852 5
852 40
852 147
852 293
852 521
852 586
852 778
852 855
852 885
852 938
853 184
853 399
853 729
854 20
854 27
854 124
854 412
854 478
854 511
854 628
854 868
854 925
854 953
854 981
855 150
855 444
855 547
855 682
856 47
856 222
856 402
856 534
856 571
857 1
857 11
857 23
857 90
857 231
857 720
857 955
858 487
858 501
858 612
858 669
858 988
859 364
859 387
859 559
860 155
860 162
860 322
860 339
860 722
860 821
861 183
861 306
861 399
861 459
861 486
861 579
862 35
862 219
862 248
862 377
862 884
863 17
863 119
863 764
863 782
864 371
864 885
865 92
865 322
865 592
865 622
866 127
866 625
866 758
867 234
867 387
867 507
867 509
868 912
869 87
869 395
869 443
869 444
869 587
869 807
869 873
870 147
870 188
870 280
870 307
870 416
870 656
871 189
871 405
871 668
871 934
871 951
872 38
872 71
872 371
872 405
873 5
873 21
873 125
873 204
873 279
873 432
873 490
873 925
874 40
874 106
874 274
874 346
874 439
874 597
874 628
874 772
874 910
875 744
875 798
876 83
876 106
876 248
876 325
876 543
877 146
877 160
877 300
877 371
877 520
877 807
877 989
878 47
878 476
878 544
878 673
878 807
879 480
879 740
880 57
880 109
880 420
880 559
881 500
881 613
881 624
881 859
882 339
882 707
883 14
883 20
883 255
883 487
883 555
883 795
883 803
883 934
884 47
884 346
884 455
884 482
884 666
884 773
885 51
885 412
885 446
885 490
885 670
885 902
886 137
886 283
886 520
886 824
886 964
887 289
887 713
887 752
887 950
888 123
888 289
888 500
888 534
888 708
888 851
888 934
889 138
889 154
889 209
889 314
889 338
890 233
890 293
890 472
890 539
890 747
891 238
891 320
891 324
891 509
891 524
891 902
892 14
892 73
892 481
892 592
893 213
893 266
893 372
894 125
894 205
894 259
894 272
894 674
894 722
895 169
895 266
895 382
895 487
895 902
896 209
896 336
896 395
896 592
896 870
896 990
897 36
897 558
897 909
897 988
898 49
898 487
898 546
898 590
898 647
898 963
899 910
900 707
900 738
900 832
900 931
901 125
901 127
901 131
901 145
901 208
901 530
901 744
902 167
902 283
902 289
902 518
902 707
902 926
903 169
903 553
903 722
903 780
903 782
904 49
904 217
904 490
904 592
904 664
904 709
904 941
905 139
905 160
905 311
905 460
905 522
905 871
906 169
906 216
906 260
906 420
906 426
906 807
906 879
907 319
907 484
907 495
907 699
907 874
907 933
908 132
908 322
908 432
908 877
908 913
909 3
909 104
909 477
909 753
910 123
910 284
910 903
911 121
911 603
911 669
911 670
912 26
912 93
912 100
912 751
912 794
913 219
913 325
913 369
913 648
913 776
913 799
914 300
914 472
914 509
914 538
914 907
915 322
915 538
915 845
916 123
916 622
916 953
917 261
917 586
917 828
917 959
917 994
918 43
918 63
918 619
918 949
919 10
919 398
919 666
920 351
920 367
920 377
920 405
920 592
920 806
921 119
921 514
921 571
922 50
922 536
922 547
922 707
923 69
923 545
923 710
923 858
924 253
924 319
924 722
925 439
926 490
926 800
926 924
927 9
927 53
927 446
927 488
927 623
928 214
928 486
928 903
929 127
929 733
929 772
929 784
929 912
930 117
930 504
930 644
930 652
930 721
931 33
931 570
931 616
931 658
931 852
931 909
932 63
932 266
932 471
932 837
932 904
932 952
933 14
933 242
933 324
933 539
933 570
933 571
933 845
933 884
933 992
934 48
934 81
934 246
934 369
934 594
934 629
934 710
934 964
935 14
935 81
935 806
936 3
936 86
936 261
936 423
936 571
936 586
936 613
936 806
936 828
936 959
937 3
937 147
937 188
937 260
937 280
937 307
937 416
937 446
937 619
937 656
938 222
938 634
938 667
938 902
938 942
939 348
939 705
939 724
939 929
940 553
940 571
940 690
940 974
941 418
941 912
942 89
942 300
942 318
942 913
942 951
943 17
943 616
944 709
944 753
944 805
944 871
945 15
945 38
945 219
945 319
945 375
945 416
945 518
945 734
945 981
946 11
946 81
946 146
946 157
946 371
946 639
946 769
946 827
947 83
947 221
947 363
947 437
947 576
947 624
947 709
948 402
948 411
948 592
949 188
949 257
949 729
950 5
950 86
950 221
950 405
950 612
951 7
951 14
951 143
951 246
951 364
951 563
951 709
951 748
951 852
951 893
952 138
952 387
952 599
953 69
953 300
953 753
953 800
953 999
954 68
954 202
954 395
954 781
954 909
954 959
955 87
955 623
956 284
956 631
956 990
957 388
957 577
957 595
957 709
957 894
958 182
958 811
958 894
959 342
959 396
959 721
959 902
960 88
960 222
960 374
960 405
960 435
960 907
960 917
961 222
961 375
961 631
961 832
962 188
962 571
962 723
963 186
963 216
963 486
964 155
964 300
965 143
965 418
965 544
965 586
965 636
966 778
966 868
966 998
967 432
967 613
967 631
968 330
968 592
968 647
968 716
968 828
969 21
969 63
969 173
969 501
969 575
969 578
969 809
970 283
970 699
970 806
970 983
971 208
971 248
971 318
971 321
971 399
971 404
971 521
971 859
972 132
972 155
972 473
972 545
972 561
972 859
973 154
973 425
973 877
973 879
974 78
974 127
974 233
974 255
974 425
974 437
974 778
974 815
975 71
975 87
975 217
975 430
975 915
976 48
976 873
977 217
977 521
977 554
977 594
977 617
977 993
978 63
978 140
978 722
978 757
978 885
978 889
979 63
979 102
979 140
979 159
979 257
979 293
979 318
979 377
979 385
979 444
979 753
979 827
979 874
980 193
980 219
980 486
980 817
980 944
981 89
981 129
981 571
981 592
981 673
981 729
981 776
981 858
981 874
981 893
981 938
981 963
981 996
982 130
982 234
982 360
982 536
982 623
982 828
983 806
983 827
984 26
984 318
984 377
984 403
984 456
984 540
984 553
984 679
984 910
985 38
985 85
985 605
985 662
985 870
986 29
986 127
986 328
986 442
986 474
986 511
986 795
986 871
986 974
987 415
987 512
987 912
987 966
987 993
988 12
988 319
988 558
988 579
988 601
989 628
989 946
990 81
990 224
990 529
990 709
990 908
991 19
991 215
991 790
991 894
992 146
992 601
992 690
993 71
993 494
993 981
994 445
994 553
994 555
994 892
995 36
995 409
995 820
996 61
996 571
997 66
997 405
997 432
997 767
997 808
997 817
998 15
998 512
998 542
998 583
999 195
999 374
999 385
999 399
999 709
999 817
1000 42
1000 73
1000 193
1000 558
1000 619
1000 703
