1 23
1 222
1 274
1 322
1 399
1 420
2 147
2 176
2 240
2 318
2 326
2 360
2 388
3 31
3 246
4 146
4 155
4 221
4 247
4 259
4 284
4 292
4 296
4 314
5 3
5 259
5 486
6 21
6 26
6 204
6 265
6 272
6 400
6 412
7 14
7 19
7 78
7 150
7 188
7 201
7 385
8 39
8 51
8 52
8 83
8 139
8 173
8 318
8 432
8 444
8 480
8 481
8 493
9 34
9 67
9 186
9 208
9 213
9 281
9 353
9 410
9 446
10 89
10 103
10 192
10 217
11 28
11 69
11 420
11 425
12 29
12 43
12 169
12 281
12 344
12 482
13 73
13 147
13 176
13 214
13 318
14 420
15 33
15 40
15 167
15 172
15 220
16 19
16 33
16 160
16 274
16 293
16 385
17 4
17 28
17 61
17 377
17 439
17 472
18 107
18 205
18 246
18 316
18 367
18 432
18 477
19 48
19 49
19 69
19 95
19 125
19 221
20 3
20 15
20 66
20 86
20 107
20 302
21 51
21 155
21 205
21 297
22 63
22 374
22 490
23 81
23 168
23 404
23 422
23 423
24 21
24 85
24 132
24 238
24 293
24 395
25 51
25 63
25 87
25 298
25 299
25 368
25 422
25 455
26 52
26 69
26 289
26 336
26 412
27 11
27 87
27 298
27 466
28 168
28 191
28 281
29 60
29 63
29 389
30 0
31 51
31 404
32 97
32 185
32 335
32 339
32 403
32 456
33 17
33 26
33 76
33 117
33 127
33 163
33 191
33 216
33 260
33 277
33 288
33 360
34 8
34 222
35 27
35 147
35 372
35 425
35 482
36 217
36 219
36 347
36 467
36 493
37 11
37 123
37 403
37 486
38 78
38 167
38 199
38 222
38 390
38 482
39 3
39 119
39 322
39 371
39 471
40 374
41 14
41 61
41 233
41 282
41 409
41 437
41 451
41 490
42 7
43 8
43 132
43 222
43 339
44 85
44 127
44 222
44 353
44 419
45 87
45 127
45 213
45 238
45 339
45 412
45 421
46 210
46 219
46 232
46 377
46 402
46 418
47 71
47 127
47 148
47 283
47 286
48 419
48 457
49 9
49 149
49 259
49 316
49 395
49 437
50 107
50 192
50 283
50 293
51 18
51 140
51 155
51 209
51 287
51 318
51 399
52 238
52 306
52 316
52 429
53 24
53 118
53 248
53 325
54 23
54 48
54 278
54 325
54 414
55 66
55 154
55 253
55 259
56 18
56 192
56 277
56 326
56 425
56 464
57 29
57 87
57 201
58 87
58 132
58 311
59 74
59 307
59 419
59 472
60 6
60 29
60 36
60 38
60 118
60 154
61 68
61 138
61 437
61 487
62 182
62 209
62 300
63 17
63 127
63 279
64 89
64 201
64 298
65 107
65 123
65 361
66 9
66 238
66 283
66 360
66 404
67 5
67 49
67 50
67 119
67 209
67 416
67 439
68 21
68 137
68 147
69 28
70 63
70 118
70 472
71 219
71 274
71 399
71 414
72 107
72 283
72 306
72 416
72 442
72 490
73 87
73 246
73 300
73 460
74 127
74 360
74 404
74 444
75 61
75 118
75 124
75 329
75 471
75 480
76 33
76 61
76 87
76 210
76 246
76 300
76 371
77 170
77 238
77 292
77 490
78 8
78 95
79 48
79 222
79 473
80 73
80 119
80 139
80 325
80 371
80 412
80 419
81 89
81 127
81 155
81 178
82 106
82 414
83 154
83 246
83 293
84 63
84 103
84 137
84 138
84 166
84 322
84 326
84 365
84 371
84 392
84 432
84 488
85 148
85 248
85 278
85 295
85 318
85 493
86 38
86 89
86 217
86 219
86 347
86 364
86 414
86 444
86 467
86 493
87 63
87 123
87 248
87 274
87 360
87 420
87 425
87 464
87 486
88 100
88 116
88 146
88 204
88 221
88 360
88 374
89 17
89 234
89 247
89 319
89 338
90 147
90 395
90 416
90 418
91 8
91 175
91 331
91 416
91 432
91 486
92 154
92 353
92 368
93 147
93 243
93 325
93 456
94 87
94 119
94 146
94 152
94 231
94 277
94 423
95 87
95 160
95 179
95 199
95 395
96 117
96 159
96 444
97 33
97 40
97 167
97 172
97 220
98 143
98 147
98 167
98 214
98 236
98 331
98 446
98 464
98 472
99 38
99 80
99 112
99 236
99 388
99 416
99 442
99 477
100 160
100 261
100 325
101 63
101 133
101 140
101 318
101 371
101 471
102 26
102 222
102 259
102 336
102 405
103 61
103 87
103 242
103 247
103 316
103 321
103 420
103 429
103 480
104 103
104 188
104 372
105 10
105 34
105 36
105 43
105 112
105 168
105 291
105 387
105 412
105 416
106 63
106 108
106 148
106 353
106 425
107 9
107 62
107 100
107 384
107 398
108 138
108 150
108 201
108 286
109 36
109 78
109 171
109 316
109 339
109 493
110 277
110 424
110 437
111 247
111 319
111 459
112 69
112 140
112 234
112 283
112 356
112 467
112 472
113 163
113 192
113 209
113 340
113 395
114 4
114 482
115 38
115 117
115 318
115 402
116 281
116 360
116 472
117 73
117 142
117 231
117 238
118 12
118 101
118 120
118 182
118 285
118 316
118 374
118 403
118 477
118 487
119 10
119 11
119 409
119 432
119 455
119 486
120 38
120 55
120 81
120 227
120 372
120 395
120 471
121 39
121 132
121 159
121 206
121 404
122 9
122 61
122 227
122 233
122 274
123 60
123 198
123 234
123 325
123 402
123 412
123 461
123 488
124 16
124 28
124 48
124 221
124 335
125 117
125 130
125 166
125 336
126 62
126 166
126 178
126 354
126 416
126 442
126 465
127 163
127 231
127 431
128 3
128 29
128 371
128 374
128 377
128 397
129 63
129 80
129 191
129 346
129 425
130 117
130 152
130 154
130 400
131 14
131 59
131 124
132 60
132 67
132 100
132 233
132 416
132 432
132 451
132 482
132 490
133 111
133 155
134 103
134 191
134 385
134 405
134 415
134 477
134 491
135 128
135 221
135 273
136 63
136 173
136 221
136 409
137 28
137 34
137 38
137 80
137 107
137 306
137 395
137 495
138 63
138 78
138 104
138 400
138 403
139 43
139 63
139 69
139 135
139 142
139 174
139 182
140 281
140 442
140 454
141 67
141 72
141 274
141 336
141 420
141 477
142 73
142 142
142 231
142 238
143 39
143 55
143 123
143 205
144 53
144 176
144 398
144 414
145 3
145 73
145 154
145 179
145 214
145 300
146 71
146 112
146 231
146 299
146 352
147 188
147 302
147 359
147 484
148 25
148 38
148 67
148 92
148 119
148 263
149 69
149 152
150 90
150 112
150 123
150 163
150 471
151 124
151 142
151 259
151 404
151 435
151 436
151 443
151 491
152 127
152 222
152 234
152 266
152 461
152 469
152 481
152 497
153 160
153 247
153 377
153 472
154 188
154 204
154 412
154 425
154 470
154 481
155 55
155 61
155 96
155 274
155 420
155 480
155 499
156 9
156 80
156 147
156 168
156 284
156 382
156 472
157 99
157 215
157 453
158 100
158 171
158 410
159 9
159 19
159 144
159 338
159 371
159 486
160 66
160 371
160 389
160 399
160 455
161 104
161 176
161 185
161 221
161 472
162 83
162 146
162 338
162 339
162 374
163 106
163 111
163 147
163 414
164 25
164 38
164 87
164 93
164 260
164 353
164 374
164 471
164 486
165 83
165 129
165 300
165 399
165 472
165 477
166 90
166 216
166 236
166 319
166 451
167 34
167 214
167 238
167 336
167 432
168 171
168 201
168 485
169 151
169 300
169 319
169 352
170 33
170 62
170 69
170 246
170 324
170 388
171 188
171 238
171 329
171 412
172 137
172 142
172 420
173 86
173 98
173 147
173 159
173 472
174 60
174 164
174 248
174 254
174 368
175 3
175 490
176 106
176 246
176 274
176 492
177 154
177 209
177 353
178 63
178 222
178 290
178 298
178 300
178 307
178 320
179 11
179 14
179 43
179 192
179 266
179 289
179 297
179 311
180 14
180 66
180 107
180 146
180 174
180 212
180 214
180 247
181 117
181 132
181 354
181 416
181 446
181 456
181 481
182 123
182 124
182 176
182 360
182 455
183 14
183 112
183 132
183 178
183 257
184 95
184 234
184 387
184 437
184 480
184 490
185 36
185 39
185 63
185 87
185 98
185 101
185 148
185 178
185 247
185 290
185 437
185 472
185 495
186 74
186 140
186 209
186 213
187 11
187 35
187 87
187 238
187 283
187 284
187 405
188 29
188 47
188 150
188 221
189 127
189 188
189 454
190 33
190 63
190 118
191 63
191 81
191 446
192 71
192 135
192 240
192 430
193 62
193 155
193 221
193 303
193 306
194 374
194 379
194 445
195 21
195 85
195 96
195 104
195 132
195 141
195 188
195 289
195 395
196 36
196 339
196 359
196 374
196 425
197 28
197 62
197 325
197 416
197 439
197 445
197 456
198 168
198 399
198 409
199 14
199 277
199 289
200 119
200 140
200 224
200 238
200 491
201 3
201 16
201 48
201 123
202 221
202 441
202 472
203 18
203 68
203 123
203 169
203 347
203 372
203 404
204 55
204 146
204 210
204 222
204 259
204 334
204 402
204 431
204 446
205 17
205 104
205 322
205 344
205 374
206 78
206 247
206 416
206 442
207 33
207 107
207 108
207 169
207 280
207 336
207 344
207 374
208 146
208 160
208 414
208 432
208 497
209 17
209 116
209 179
210 8
210 139
210 170
210 214
210 319
210 459
211 63
211 182
211 188
211 487
212 96
212 117
212 418
213 24
213 132
213 145
213 191
213 238
213 350
213 455
213 471
213 484
214 28
214 101
214 119
214 210
214 359
214 402
214 483
215 63
215 118
215 192
216 193
216 374
216 402
217 101
217 137
217 344
217 439
217 463
218 168
218 219
218 325
218 473
219 36
219 63
219 138
219 377
219 387
219 405
220 35
220 49
220 86
220 87
220 120
220 247
220 289
220 325
220 471
221 53
221 55
221 61
221 289
221 360
222 38
222 170
222 353
222 444
223 29
223 144
223 311
223 321
223 329
223 471
223 484
224 8
224 168
224 413
224 444
224 477
225 4
225 295
225 374
225 382
226 20
226 289
226 303
226 337
226 423
226 493
227 68
227 104
227 170
227 246
227 258
228 306
228 416
229 67
229 212
229 307
229 443
229 488
230 224
230 377
231 161
231 208
231 247
231 446
232 36
232 63
232 241
232 416
233 157
233 201
233 226
233 383
233 397
234 122
234 139
234 147
234 415
235 127
235 170
235 241
235 277
235 430
235 480
235 490
236 79
236 85
236 291
236 444
237 192
237 311
237 437
238 68
238 119
238 142
238 217
238 238
238 336
238 410
238 439
238 496
239 61
239 103
239 266
240 3
240 21
240 42
240 63
240 403
241 167
241 222
241 224
241 404
242 11
242 80
242 117
242 137
243 33
243 188
243 312
243 387
243 395
243 477
244 76
244 148
244 374
244 487
244 492
245 118
245 189
245 361
246 108
246 238
246 284
246 360
246 383
247 8
247 29
247 95
247 459
248 9
248 94
248 179
248 307
249 230
249 293
249 367
249 481
250 74
250 106
250 138
250 217
250 261
250 360
250 371
250 399
250 405
250 456
250 492
251 38
251 70
251 108
251 171
251 172
251 190
251 294
251 402
251 471
252 47
252 114
252 188
252 346
253 63
253 67
253 200
253 338
253 491
254 61
254 154
254 222
254 261
254 344
255 8
255 28
255 100
255 111
255 420
255 432
256 85
256 115
256 132
256 268
256 371
256 377
256 486
257 36
257 38
257 70
257 318
258 38
258 81
258 87
259 33
259 36
259 309
259 326
259 348
260 38
260 118
260 183
260 302
260 319
260 375
261 25
261 198
261 221
261 331
261 432
261 455
262 40
262 127
262 147
262 148
262 418
262 432
263 14
263 281
263 307
263 328
263 424
263 451
264 35
264 40
264 322
264 413
265 25
265 87
265 319
265 335
265 354
265 431
266 29
266 188
266 216
266 233
266 335
266 444
267 80
267 117
267 238
267 259
268 9
268 98
268 136
268 346
268 432
268 447
269 111
269 209
269 213
269 378
269 412
269 437
269 486
270 61
270 119
270 150
270 236
270 261
270 461
271 85
271 124
271 168
271 222
271 293
271 321
271 371
271 445
272 259
272 260
272 405
272 420
272 443
272 473
273 26
273 72
273 209
273 246
273 319
273 420
274 36
274 97
274 125
274 237
274 371
274 437
275 147
275 184
275 336
275 377
275 423
275 432
276 61
276 87
276 96
276 246
276 330
276 482
276 486
277 8
277 86
277 201
277 214
277 374
277 451
277 472
278 36
278 100
278 116
278 154
278 207
278 219
278 231
278 236
278 300
278 490
279 81
279 85
279 221
279 248
279 446
280 22
280 39
280 151
280 320
280 384
280 395
281 13
281 73
281 95
281 127
281 283
281 437
281 463
281 495
282 28
282 69
282 247
283 38
283 43
283 81
283 106
283 202
283 277
283 456
284 48
284 145
284 238
284 248
284 322
285 11
285 21
285 140
285 327
285 418
285 420
286 178
286 435
287 11
287 26
287 416
288 85
288 170
288 488
289 17
289 69
289 117
289 130
289 166
289 300
289 336
289 413
290 48
290 87
290 128
291 97
291 112
291 147
291 172
292 278
292 286
292 480
293 8
293 10
293 49
293 192
293 377
294 52
294 63
294 118
294 287
295 61
295 364
295 444
295 456
296 121
296 127
296 190
296 281
297 306
297 368
297 372
298 248
299 35
299 43
299 90
299 126
299 132
300 116
300 135
300 222
300 257
301 8
301 240
301 367
301 471
302 63
302 87
302 192
302 252
302 281
303 214
303 247
303 381
303 404
303 477
303 484
304 29
304 36
304 101
304 188
304 281
304 338
304 483
305 27
305 36
305 53
305 429
306 300
306 326
306 368
306 422
306 490
307 40
307 112
307 202
307 231
307 248
307 302
307 339
307 359
307 368
307 412
307 420
307 448
308 21
308 69
308 81
308 87
308 96
308 132
308 246
308 281
308 325
308 347
308 379
309 67
309 150
309 211
309 353
309 416
309 492
310 23
310 344
310 423
311 30
311 123
311 132
311 226
311 233
311 328
311 412
311 456
312 43
312 138
312 442
312 443
313 68
313 85
313 109
313 245
313 378
313 488
314 36
314 70
314 124
314 328
314 359
315 27
315 118
315 231
315 395
315 400
316 112
316 121
316 201
316 227
316 281
316 432
316 436
317 100
317 318
317 420
317 469
318 9
318 33
318 95
318 198
319 43
320 63
320 67
320 87
320 200
320 338
320 491
321 353
321 375
321 425
322 213
322 360
323 79
323 221
323 371
323 432
324 25
324 42
324 100
324 234
324 353
324 400
324 422
325 9
325 81
325 221
325 344
325 484
326 69
326 214
326 318
326 374
327 78
327 208
327 311
327 359
327 375
327 419
327 424
328 43
328 133
328 222
328 318
328 346
328 403
328 483
329 11
329 80
329 130
329 137
329 402
330 23
330 92
330 144
330 392
331 217
331 219
331 347
331 467
331 493
332 63
332 247
332 299
332 371
333 85
333 125
333 202
333 293
334 204
334 293
334 375
334 412
334 418
334 462
335 112
335 201
335 400
336 209
336 277
337 38
337 238
337 306
337 344
337 448
337 480
338 11
338 21
338 172
338 266
338 374
339 190
339 221
339 241
339 367
339 438
340 73
340 150
340 201
340 491
341 12
341 29
341 48
341 149
341 237
341 348
341 402
342 33
342 93
342 109
342 116
342 126
342 198
342 201
342 364
342 404
343 337
343 484
344 87
344 107
344 456
345 281
345 344
345 360
345 386
345 439
346 11
346 331
346 410
347 94
347 350
347 362
347 410
347 472
348 16
348 26
348 28
349 203
349 277
350 31
350 76
350 136
350 246
350 259
350 272
350 368
350 418
351 11
351 52
351 127
351 140
351 154
351 422
351 446
352 150
352 259
352 278
353 27
353 92
353 106
353 148
353 463
354 132
354 191
354 226
354 255
354 453
354 493
355 63
355 133
355 140
355 318
355 371
355 471
356 67
356 72
356 190
356 213
357 69
357 124
357 149
357 442
358 306
358 316
358 375
358 395
359 17
359 100
359 116
359 146
359 193
359 221
359 360
360 60
360 69
360 107
360 340
361 73
361 289
361 395
361 425
361 442
362 39
362 90
362 139
362 146
362 306
362 322
362 329
362 330
362 425
362 444
363 156
363 222
363 319
363 472
364 62
364 87
364 142
364 356
365 246
365 260
365 322
365 371
366 95
366 222
366 255
366 326
366 456
367 72
367 155
367 481
368 78
368 155
368 281
368 424
368 428
368 430
369 235
369 371
370 31
370 39
370 63
370 101
370 117
370 246
370 300
370 414
371 8
371 123
371 132
371 168
371 246
371 293
371 444
371 477
372 100
372 221
372 334
373 9
373 67
373 87
373 212
373 307
373 488
374 69
374 231
374 234
374 353
374 414
375 117
375 127
375 402
375 417
376 23
376 67
376 124
376 132
376 146
376 246
376 399
376 419
376 444
376 456
376 478
377 159
377 336
378 25
378 106
378 144
379 283
379 318
379 360
379 371
380 23
380 80
380 123
380 283
380 306
380 319
381 23
381 72
381 389
382 116
382 142
382 245
382 405
382 409
382 414
383 69
383 102
383 160
383 252
383 284
383 416
384 188
385 6
385 318
385 438
386 179
386 293
386 328
387 69
387 169
387 402
387 430
388 159
388 204
388 259
388 281
388 318
389 35
389 46
389 178
389 289
389 428
390 337
390 464
391 21
391 29
391 182
391 402
391 420
391 487
392 35
392 48
392 55
392 61
392 149
392 160
392 199
393 14
393 137
393 159
393 190
393 274
393 406
393 463
393 493
394 26
394 150
395 63
395 217
395 277
395 285
395 374
395 414
395 441
396 69
396 192
396 375
396 447
396 456
397 63
397 281
398 47
398 72
398 339
398 379
399 293
400 229
400 357
401 25
401 34
401 123
401 334
401 337
401 456
402 87
402 235
402 266
402 281
402 295
402 405
403 10
403 51
403 102
403 404
403 432
404 21
404 29
404 178
404 191
404 204
404 400
405 77
405 444
405 493
406 132
407 28
407 95
407 109
407 192
408 38
408 209
408 224
409 48
409 116
409 171
409 222
409 371
409 495
410 144
410 289
410 368
411 339
411 368
412 102
412 106
412 169
412 385
413 8
413 116
413 192
413 210
413 222
413 259
413 325
413 409
413 484
414 119
414 132
414 154
414 186
414 201
414 373
415 30
415 117
415 168
415 316
415 329
415 371
415 420
416 25
416 89
416 106
416 171
416 319
417 38
417 137
417 377
417 402
417 497
418 87
418 471
419 61
419 250
419 259
419 465
419 486
419 488
420 17
420 78
420 81
420 104
420 430
420 463
421 85
421 192
421 336
421 417
421 429
422 145
422 178
422 267
423 240
423 367
423 471
424 66
424 170
424 185
424 219
424 247
424 259
424 485
425 3
425 4
425 63
425 69
425 113
425 261
425 442
425 482
426 135
426 173
426 221
426 497
427 63
427 81
427 100
427 183
427 246
428 44
428 170
428 246
428 300
429 29
429 62
429 155
429 188
429 221
429 303
429 306
430 326
430 438
430 456
431 106
431 205
431 213
431 377
431 382
432 73
432 150
432 354
432 412
432 491
433 3
433 22
433 109
433 171
433 179
434 38
434 117
434 456
435 109
435 180
435 221
435 337
435 399
435 402
436 8
436 125
436 336
436 446
437 38
437 284
438 21
438 101
438 150
438 219
438 221
438 236
438 255
438 274
438 318
438 325
438 327
438 439
439 36
439 208
439 248
439 284
439 289
439 360
439 371
439 398
439 430
439 480
439 481
440 109
440 213
440 269
440 293
440 412
440 432
441 55
441 124
441 132
441 158
441 169
441 186
441 376
441 382
441 399
441 461
442 66
442 132
442 190
442 316
442 377
442 456
443 87
443 128
443 221
443 222
443 273
443 405
443 444
444 74
444 97
444 136
445 40
445 231
445 289
445 412
445 482
446 204
446 222
446 405
446 422
447 3
447 67
447 137
447 330
447 423
448 28
448 325
448 439
448 443
448 445
448 456
448 487
449 132
449 163
449 387
449 409
449 416
450 120
450 139
450 176
450 354
450 366
450 368
450 409
450 419
451 197
451 259
451 363
451 420
452 102
452 106
452 169
452 385
453 81
453 219
453 412
454 9
454 432
455 148
455 150
455 248
455 442
455 443
455 473
455 491
456 8
456 10
456 49
456 192
456 377
457 69
457 170
457 229
457 238
457 293
457 341
457 374
458 13
458 261
458 281
458 306
458 318
458 351
459 179
459 185
459 248
460 26
460 76
460 117
460 127
460 216
460 260
460 288
461 7
461 85
461 170
461 281
461 374
462 63
462 85
462 243
463 92
463 127
463 412
464 18
464 140
464 155
464 209
464 246
464 287
464 318
464 326
464 399
465 107
465 148
465 154
465 221
465 316
465 439
465 487
466 80
466 122
466 139
466 147
466 415
467 234
467 291
467 414
468 11
468 27
468 148
468 286
469 78
469 168
469 480
469 490
470 274
470 346
470 479
471 219
471 307
471 331
471 423
472 31
472 136
472 246
472 368
472 497
473 222
473 300
473 405
473 453
474 3
474 42
474 197
474 403
475 31
475 97
475 417
476 108
476 124
476 146
476 152
476 272
476 371
476 493
477 138
477 201
477 445
478 66
478 445
479 96
479 210
479 340
480 20
480 48
480 291
480 347
480 360
481 87
481 160
481 305
481 328
481 495
482 215
482 378
482 418
482 471
483 34
483 379
483 446
483 480
483 495
484 8
484 148
484 238
484 274
484 443
485 39
485 66
485 116
485 123
485 201
485 209
485 395
485 412
486 163
486 348
486 412
486 416
486 463
487 26
487 202
487 209
487 212
487 246
487 414
487 420
487 426
488 186
488 242
488 374
489 8
489 170
489 192
489 214
489 248
489 263
489 319
489 439
489 459
489 492
490 9
490 69
490 482
491 274
491 371
491 442
492 480
492 483
493 21
493 38
493 83
493 437
493 439
494 222
495 80
495 446
495 479
495 492
496 8
496 29
496 95
496 132
496 144
496 182
496 277
496 374
496 402
496 459
497 21
497 48
497 49
497 69
497 95
497 221
497 261
497 461
498 1
498 28
498 100
499 73
499 117
499 150
499 402
500 132
500 170
500 222
500 274
500 405
500 455
501 42
501 87
501 127
501 132
501 144
501 179
501 208
501 368
501 459
502 21
502 29
502 178
502 191
502 204
502 400
503 150
503 293
503 485
504 42
504 179
504 214
504 304
505 8
505 28
505 100
505 111
505 420
505 432
506 33
506 107
506 124
506 169
506 182
506 230
506 353
506 440
507 220
507 240
507 247
508 45
508 63
508 221
509 43
509 124
509 167
509 209
509 214
509 246
509 339
509 395
509 418
509 428
509 431
509 478
509 488
509 493
510 55
510 227
510 471
511 108
511 168
511 190
511 247
511 260
511 281
511 471
511 490
512 62
512 127
512 171
512 222
512 248
512 439
512 441
512 480
513 78
513 139
513 179
513 219
513 320
513 371
513 445
513 462
514 89
514 320
514 328
514 375
515 28
515 50
515 145
515 281
515 326
515 397
515 416
516 67
516 116
516 222
516 371
517 29
517 107
517 402
517 477
517 480
518 51
518 170
518 191
518 318
518 353
518 368
519 38
519 497
520 101
520 137
520 344
520 439
520 463
521 52
521 287
521 330
521 432
522 233
522 267
522 277
522 328
522 330
523 47
523 136
523 350
524 9
524 87
524 117
524 127
524 371
524 425
524 438
525 24
525 67
525 293
525 344
525 410
526 3
526 353
526 400
526 490
527 132
527 178
527 336
527 340
528 169
528 222
528 259
528 402
529 63
529 118
529 481
530 117
530 146
530 238
530 247
530 445
531 39
531 98
531 101
531 148
531 178
531 472
532 38
532 76
532 106
532 227
532 328
533 60
533 127
533 233
533 322
533 362
533 388
533 399
533 437
533 444
533 446
534 27
534 107
534 191
534 208
534 478
535 151
535 167
535 258
536 192
536 360
536 402
537 78
537 221
537 316
537 420
538 283
538 337
538 473
539 51
539 300
539 353
539 420
539 423
540 69
540 137
540 216
541 127
541 133
541 148
541 360
541 490
542 11
542 69
542 259
542 306
543 212
543 360
543 446
544 138
544 188
544 388
544 418
544 436
544 484
545 285
545 316
546 87
546 139
546 166
546 179
546 221
547 116
547 150
547 306
548 33
548 34
548 73
548 150
548 183
548 243
548 338
548 360
548 425
548 444
549 148
549 150
550 283
550 339
550 399
550 404
550 419
550 471
551 22
551 106
551 147
551 221
551 248
551 371
551 412
552 99
552 116
552 318
553 108
553 155
553 170
553 233
553 287
554 17
554 104
554 316
554 318
555 85
555 188
555 238
555 473
556 67
556 101
556 221
556 416
556 443
557 4
557 81
557 135
557 155
557 289
557 416
557 439
558 247
559 43
559 81
559 106
559 202
559 277
560 132
560 413
561 112
561 242
562 138
562 228
562 238
563 38
563 359
564 127
564 293
564 360
564 404
564 444
565 38
565 40
565 170
565 420
565 438
565 444
565 457
566 3
566 10
566 85
566 125
566 148
566 446
567 221
567 255
567 326
567 371
567 383
568 87
568 154
568 416
569 38
569 124
569 169
569 209
569 334
569 354
569 419
569 444
570 21
570 119
570 142
570 319
570 353
570 387
570 409
570 482
571 53
571 63
571 154
571 289
571 318
571 432
571 456
572 89
572 127
572 155
572 178
573 73
573 85
573 95
573 185
573 193
573 289
573 403
574 128
574 493
575 131
575 152
575 170
575 490
576 61
576 69
576 170
576 311
576 318
576 382
577 29
577 83
577 107
577 326
577 331
577 477
578 48
578 132
578 171
578 189
578 199
578 218
578 246
578 390
578 409
578 415
578 472
578 495
579 18
579 90
579 187
579 325
579 417
580 117
580 154
580 238
581 39
581 222
581 371
581 418
581 442
582 3
582 61
582 118
582 437
582 459
583 11
583 75
583 241
583 266
583 446
584 11
584 229
584 358
584 437
584 446
584 449
584 469
585 124
585 330
586 38
586 214
586 217
586 364
586 418
587 6
587 147
587 169
587 300
587 319
587 372
587 422
588 85
588 129
588 132
588 139
588 405
589 127
589 140
589 159
589 296
589 444
590 38
590 100
590 101
590 121
590 325
590 335
590 403
590 436
591 85
591 227
592 125
592 293
592 339
592 360
592 402
592 471
593 117
593 318
593 328
593 389
593 396
593 405
593 429
594 248
594 415
595 3
595 137
595 140
595 222
595 364
595 477
596 81
596 255
596 359
596 396
596 448
597 63
597 123
597 285
597 292
598 102
598 106
598 169
598 385
599 117
599 180
599 446
599 456
600 292
600 374
600 478
601 87
601 298
601 418
601 459
601 460
602 354
602 412
603 13
603 127
603 359
604 139
604 192
604 227
604 330
604 372
605 191
605 240
605 401
605 424
605 432
605 493
606 17
606 167
606 221
606 335
606 431
606 432
607 3
607 123
607 131
607 238
607 319
607 389
607 402
608 222
608 316
608 336
608 400
609 69
609 150
609 318
610 73
610 117
610 150
610 402
611 80
611 119
612 11
612 47
612 63
612 77
612 198
612 287
612 387
613 14
613 38
613 326
614 61
614 69
614 95
614 101
614 203
614 274
614 403
614 444
615 47
615 137
615 142
615 420
616 168
616 209
616 222
616 353
616 405
616 418
617 43
617 238
617 420
617 478
618 117
618 148
618 163
618 191
619 163
619 319
619 341
619 487
620 221
620 258
620 306
620 318
620 389
620 416
621 95
621 101
621 203
621 274
621 444
622 3
622 29
622 163
622 209
622 377
622 419
623 90
623 170
623 222
623 331
623 399
623 439
624 36
624 46
624 85
624 94
624 190
624 289
624 336
624 412
624 455
624 491
625 300
626 259
626 443
627 23
627 100
627 150
627 188
627 190
627 193
627 222
627 241
627 263
627 473
627 478
628 11
628 35
628 281
628 283
628 336
629 331
629 478
630 16
630 100
630 132
630 163
630 442
631 72
631 89
631 192
631 240
631 487
632 43
632 176
632 214
632 289
632 404
632 437
633 40
633 108
633 306
633 357
633 368
634 123
634 293
634 357
635 49
635 316
635 405
636 51
636 118
636 171
636 217
636 222
636 233
636 403
636 472
637 63
637 83
637 360
637 441
638 81
638 85
638 221
638 248
638 446
639 148
639 295
639 375
639 377
639 445
639 492
640 68
640 138
640 179
640 333
640 371
640 437
640 487
641 28
641 63
641 246
641 274
641 321
641 374
641 375
641 443
642 6
642 142
642 246
642 438
643 140
643 231
643 400
643 439
644 29
644 123
644 135
644 138
644 282
644 295
644 444
645 66
645 85
645 90
645 108
645 119
645 251
645 423
646 198
646 208
646 217
647 10
647 11
647 27
647 36
647 45
647 53
647 179
647 185
647 222
647 409
647 429
647 432
647 455
647 486
648 67
648 259
648 292
648 436
648 478
649 9
649 61
649 227
649 274
650 67
650 87
650 325
650 377
651 69
651 300
651 471
652 231
652 234
652 294
652 368
653 12
653 63
653 69
653 247
653 297
653 402
653 477
654 23
654 63
654 349
654 443
654 486
654 487
655 36
655 91
655 148
655 188
655 190
655 306
655 323
655 377
655 420
655 439
655 444
656 57
656 132
656 170
656 335
656 368
656 404
657 28
657 80
657 137
657 155
657 238
657 400
657 454
657 493
658 389
659 69
659 80
659 100
659 142
659 150
660 118
660 163
661 23
661 142
661 283
661 358
661 426
661 472
662 229
662 442
662 466
663 60
663 176
663 276
663 350
663 357
664 48
664 222
664 299
664 386
664 387
665 61
665 155
665 182
665 404
665 449
665 482
666 16
666 300
666 316
666 353
666 400
666 432
667 17
667 28
667 48
667 281
667 346
668 14
668 224
668 277
668 335
668 463
669 423
670 145
670 306
670 399
670 430
671 8
671 42
671 238
672 9
672 142
672 448
673 29
673 39
673 71
673 127
673 368
673 371
673 395
674 80
674 306
674 459
675 109
675 247
675 374
675 486
676 75
676 288
677 148
677 163
677 240
677 318
677 328
677 388
677 397
678 300
678 432
678 443
678 469
679 57
679 206
679 231
679 261
679 359
680 29
680 148
680 182
680 219
680 336
681 168
681 473
682 63
682 154
682 155
682 402
682 418
682 490
683 4
683 76
683 121
683 209
683 243
683 484
684 8
684 11
684 35
684 147
684 148
684 221
684 395
684 425
685 28
685 112
685 158
685 299
685 371
685 377
686 11
686 63
686 300
686 309
687 78
687 281
687 338
687 428
687 430
688 109
688 169
688 319
688 418
689 52
689 246
689 259
689 318
690 53
690 80
690 281
690 422
690 437
691 83
691 118
691 213
691 399
692 34
692 76
692 176
692 255
692 420
692 437
693 120
693 143
693 283
693 325
693 371
693 412
693 437
694 18
694 38
694 181
694 212
694 318
694 420
695 42
695 51
695 85
695 95
695 229
695 300
695 344
695 412
696 74
696 175
696 222
697 36
697 347
697 412
698 215
698 228
698 363
698 409
698 421
698 437
698 443
699 28
699 192
699 281
699 446
700 79
700 85
700 138
700 444
701 3
701 221
701 267
701 277
701 472
702 69
702 243
702 380
702 383
702 419
703 293
703 316
703 339
703 484
704 33
704 61
704 73
704 89
704 325
705 100
705 169
705 335
705 464
706 87
706 215
706 224
706 331
706 402
706 405
707 106
707 123
707 135
707 340
707 444
707 481
708 347
709 3
709 112
709 233
709 274
709 404
709 485
710 118
710 264
710 270
710 327
710 377
710 417
710 484
711 62
711 150
711 201
711 330
711 439
712 69
712 210
712 272
713 7
713 38
713 125
713 127
713 289
713 341
713 395
713 440
714 78
714 87
714 160
714 201
714 324
714 338
714 431
714 446
715 87
715 157
715 254
715 347
715 477
716 42
716 125
716 192
716 266
716 330
716 480
717 160
717 252
718 57
718 60
718 195
719 23
719 102
719 117
719 124
719 338
719 387
720 202
720 337
720 415
721 42
721 142
721 291
721 404
722 61
722 325
722 360
723 147
723 152
723 185
723 203
723 213
723 215
723 453
724 34
724 283
724 399
724 403
725 7
725 40
725 231
725 247
725 374
726 9
726 81
726 221
726 344
726 484
727 145
727 229
727 236
727 350
727 438
727 465
728 28
728 52
728 102
728 173
728 209
728 445
728 446
729 42
729 143
729 231
729 353
729 354
729 442
730 69
730 70
730 76
730 81
730 87
730 96
730 132
730 135
730 207
730 246
730 281
730 325
730 459
731 70
731 129
732 35
732 47
732 150
732 285
732 371
732 472
733 139
733 142
733 247
733 263
733 446
733 459
734 89
734 248
734 444
735 219
735 248
735 274
735 477
736 85
736 188
736 232
736 238
736 473
737 27
737 92
737 106
737 148
737 463
738 125
738 246
738 281
738 300
738 335
738 404
739 374
739 404
740 69
740 81
740 87
740 96
740 132
740 246
740 281
740 325
741 0
741 206
741 234
741 258
741 293
741 323
741 368
742 107
742 111
742 123
742 169
742 442
743 63
743 123
743 248
743 274
743 360
743 420
743 425
743 464
743 486
744 36
744 69
744 247
744 272
745 107
745 247
746 14
746 96
747 0
747 36
747 107
747 200
747 231
747 266
747 318
747 460
748 45
748 377
748 387
748 472
749 123
749 163
750 7
750 21
750 267
750 442
751 11
751 40
751 123
751 403
751 486
752 38
752 86
752 92
752 414
753 170
753 200
753 325
753 368
753 438
753 480
754 80
754 100
754 147
754 152
754 231
754 234
754 326
754 402
755 40
755 50
756 47
756 209
756 259
756 268
756 278
756 324
756 337
756 339
756 402
756 423
757 124
757 456
758 170
758 185
758 219
759 145
759 255
759 267
759 484
760 69
760 87
760 215
760 224
760 331
760 402
760 405
760 486
761 8
761 36
761 106
761 108
761 179
761 318
761 403
761 411
762 123
762 192
762 260
762 281
763 59
763 86
763 124
763 170
763 188
763 247
763 368
763 397
763 403
763 405
763 444
764 330
764 405
764 439
765 7
765 17
765 138
765 337
765 402
765 444
765 446
766 43
766 48
766 100
766 107
766 127
766 209
766 273
766 402
767 160
767 252
768 40
768 43
768 107
768 123
768 281
769 53
769 246
770 4
770 221
770 337
770 404
770 447
771 21
771 29
771 178
771 191
771 204
771 400
772 222
772 306
772 368
772 372
773 60
773 63
773 389
774 297
774 415
775 11
775 302
775 318
775 371
775 446
775 456
776 89
776 127
776 168
776 318
777 51
777 160
777 180
777 261
777 280
777 316
777 322
777 325
777 338
777 474
778 0
778 70
778 319
778 377
778 439
779 287
779 425
779 429
779 447
780 17
780 26
780 103
780 107
780 116
780 169
780 432
781 242
781 439
782 105
782 168
782 348
783 67
783 104
783 481
783 493
784 43
784 69
784 178
784 227
784 267
784 440
784 487
785 17
785 188
785 274
785 446
785 456
786 214
786 247
786 381
786 404
786 477
786 484
787 21
787 147
787 209
787 445
788 38
788 176
788 459
789 32
789 142
789 159
789 319
789 336
789 459
790 11
790 80
790 132
790 155
790 183
790 203
790 263
790 368
791 7
791 23
791 336
791 380
792 127
792 229
792 344
792 402
793 38
793 100
793 185
793 237
793 449
794 49
794 119
794 217
794 219
794 326
795 51
795 117
795 176
795 259
795 328
795 377
795 446
796 78
796 127
796 261
796 442
797 8
797 147
797 181
797 357
797 363
797 380
797 447
798 138
798 154
798 316
799 74
799 176
799 304
799 388
799 436
799 439
800 40
800 86
800 313
800 356
800 471
800 477
801 103
801 151
801 216
801 337
802 25
802 202
802 336
802 421
803 221
803 248
803 263
803 300
803 491
804 127
804 163
805 17
805 38
805 81
805 146
805 159
805 335
806 366
806 395
807 150
807 405
808 429
808 490
809 18
809 90
809 187
809 325
809 417
810 203
811 74
811 160
811 261
811 325
811 388
811 439
812 36
812 238
812 360
812 442
813 55
813 252
813 259
813 307
813 332
814 83
814 86
814 242
814 318
814 377
814 402
814 449
815 101
815 316
815 402
816 7
816 33
816 159
816 163
816 281
816 318
816 402
817 26
817 155
817 221
817 249
817 357
817 421
817 436
818 70
818 127
818 135
818 371
818 486
819 70
819 83
819 124
819 167
819 204
819 222
819 432
820 6
820 8
820 69
820 238
821 374
821 471
822 33
822 61
822 73
822 89
822 318
822 325
823 116
823 191
823 277
823 402
824 124
824 170
825 101
825 323
826 29
826 86
826 261
826 292
826 333
826 442
826 472
827 55
827 124
827 376
827 399
827 461
828 44
828 49
828 127
828 222
828 231
828 299
828 302
828 403
829 191
829 377
830 85
830 214
830 219
830 274
830 399
830 455
831 8
831 106
831 192
831 210
831 222
831 259
832 132
832 238
832 443
833 18
833 38
833 181
833 212
833 318
833 420
834 63
834 191
835 75
835 209
835 467
835 472
836 168
836 246
836 360
836 412
836 437
837 96
838 11
838 127
838 193
839 25
839 168
839 495
840 0
840 3
840 141
840 188
840 283
840 291
841 399
842 123
842 126
842 148
842 150
842 300
842 313
842 392
842 403
842 414
842 449
843 188
843 233
843 274
843 425
844 359
845 115
845 127
845 163
845 444
846 87
846 298
846 432
846 486
847 155
847 325
847 402
848 65
848 74
848 192
848 247
848 472
849 87
849 169
849 318
849 412
850 23
850 163
850 221
850 290
850 318
851 8
851 142
851 144
851 186
851 192
851 497
852 3
852 23
852 73
852 247
852 289
852 395
852 425
852 442
852 471
853 87
853 178
853 368
854 10
854 11
854 409
854 432
854 455
854 486
855 63
855 109
855 189
855 222
855 241
855 318
855 459
855 472
856 72
856 77
856 214
856 265
856 340
856 425
857 27
857 109
857 182
857 252
857 281
858 0
858 11
858 47
858 116
858 360
859 231
859 238
859 306
859 335
859 488
860 163
860 171
860 277
860 308
861 80
861 83
861 146
861 152
861 364
861 414
862 15
862 107
862 123
862 139
862 169
862 221
862 442
862 472
863 9
863 62
863 100
863 384
863 398
864 167
864 442
865 47
865 146
865 314
866 66
866 132
866 316
866 377
866 456
867 116
867 171
867 238
867 240
868 43
868 176
868 214
868 289
868 404
868 437
869 74
869 90
869 127
869 192
869 326
870 90
870 187
870 334
870 467
870 472
871 18
872 167
872 188
873 3
873 11
873 63
873 100
873 127
873 204
873 233
873 387
873 460
874 13
874 23
874 127
874 154
874 359
874 454
875 51
875 210
875 293
875 318
875 374
875 402
876 123
876 259
877 147
878 72
879 26
879 137
879 222
879 246
879 259
879 336
879 405
879 490
880 31
880 52
880 193
880 227
880 277
880 374
881 151
881 238
881 306
881 316
881 354
881 356
881 429
882 10
882 123
882 233
882 274
882 400
882 403
882 469
883 27
883 154
883 219
883 228
883 331
883 486
884 23
884 29
884 72
884 188
884 216
884 233
884 335
884 389
884 444
885 246
885 481
886 69
886 132
886 414
887 132
887 360
887 376
887 472
888 63
888 132
888 238
888 252
888 357
888 423
888 469
889 69
889 80
889 100
889 142
889 150
889 280
890 116
890 135
890 222
890 257
891 117
891 146
891 238
891 445
892 8
892 38
892 227
892 398
893 28
893 290
894 63
894 100
894 102
894 124
894 125
894 168
894 337
894 364
895 85
895 125
895 171
895 231
895 445
896 100
896 174
896 293
897 17
897 274
898 28
898 232
898 263
898 289
898 324
898 481
899 354
899 364
899 418
899 453
899 464
900 63
900 67
900 100
900 132
900 246
900 248
900 356
900 374
900 461
901 85
901 270
901 364
902 106
902 127
902 227
902 233
902 359
902 395
902 397
902 471
903 28
903 290
903 330
903 447
904 69
904 140
904 221
904 247
904 436
905 85
905 404
905 440
906 104
906 145
906 193
906 201
906 229
906 236
906 350
906 438
906 465
907 69
907 146
907 204
907 439
907 455
908 0
908 51
908 377
909 63
909 132
909 222
909 446
910 62
910 72
910 300
910 335
910 375
910 400
911 11
911 47
911 48
912 325
912 402
913 107
913 147
913 166
913 392
914 222
914 240
914 255
914 447
915 63
915 255
915 314
915 421
915 459
915 472
916 124
916 289
916 416
916 477
916 493
917 25
917 35
917 150
917 309
917 472
918 7
918 178
918 331
919 155
919 163
919 170
919 188
919 289
919 403
920 62
920 242
920 281
921 28
921 252
921 265
921 356
922 38
922 261
922 360
922 426
923 123
923 145
923 209
923 366
924 69
924 233
924 402
924 446
924 459
925 6
925 29
925 216
925 233
925 316
926 33
926 104
926 193
926 231
926 446
927 371
927 389
927 399
927 455
928 61
928 238
928 322
928 325
928 360
929 14
929 281
929 307
929 328
929 424
929 451
930 36
930 125
930 222
930 420
930 446
930 472
931 8
931 119
931 146
931 255
931 281
931 421
931 442
931 492
932 40
932 120
932 318
932 481
933 28
933 119
933 166
933 293
933 360
934 8
934 39
934 124
934 282
934 289
934 306
934 404
934 416
934 477
935 3
935 197
935 403
936 1
936 74
936 90
936 124
936 127
936 140
936 192
936 283
936 309
936 326
937 109
937 319
937 332
937 463
937 471
938 154
938 353
938 368
939 47
939 138
939 144
939 192
939 281
939 336
939 455
939 472
939 484
940 9
940 307
940 359
940 377
940 403
940 430
940 434
941 9
941 19
941 144
941 169
941 192
941 338
941 371
941 486
942 7
942 39
942 73
942 81
942 168
942 319
942 387
942 416
943 40
943 107
943 161
943 208
943 209
943 283
943 316
943 360
944 132
944 182
944 188
944 293
945 89
945 123
945 368
946 3
946 42
946 107
946 188
946 306
947 21
947 119
947 280
948 3
948 8
948 71
948 163
948 357
948 375
948 424
948 444
949 69
949 172
949 217
949 295
950 38
950 137
950 377
950 402
950 497
951 36
951 98
951 176
951 396
951 451
951 477
952 43
952 316
953 132
953 135
953 318
953 490
954 173
954 283
954 293
954 359
954 444
955 87
955 409
955 444
956 176
956 361
957 46
957 109
957 168
957 186
957 207
957 447
957 456
958 109
958 169
958 319
958 418
959 89
959 281
960 89
960 105
960 231
961 43
961 81
961 138
962 71
962 192
962 260
962 289
962 319
963 395
963 432
963 497
964 205
964 291
964 306
964 319
964 322
964 360
964 416
964 456
965 11
965 35
965 87
965 238
965 283
965 284
965 405
966 100
966 123
966 130
966 144
966 146
966 179
966 246
966 350
966 403
966 427
966 486
967 68
967 81
967 222
967 261
967 278
967 428
968 201
968 439
969 39
969 66
969 116
969 209
969 395
969 412
970 38
970 43
970 81
970 106
970 202
970 277
970 456
971 106
971 246
971 274
971 492
972 135
972 222
972 287
972 293
972 308
972 446
973 35
973 70
973 189
973 363
973 377
973 442
974 49
974 70
974 144
974 170
974 171
974 416
974 438
975 35
975 81
975 123
975 214
975 377
976 94
976 106
976 107
976 231
976 347
976 412
976 471
977 46
977 281
977 336
977 471
977 495
978 46
978 67
978 291
978 368
978 392
978 425
978 437
978 444
978 480
979 67
979 116
979 159
979 160
979 252
979 316
979 416
980 11
980 143
980 170
980 183
980 220
980 259
980 273
980 339
980 403
980 415
980 453
981 18
981 300
981 329
981 432
982 13
982 63
982 148
982 213
982 222
982 400
982 437
982 484
983 455
983 482
983 492
984 191
984 241
985 8
985 145
985 272
985 274
985 285
985 299
986 40
986 112
986 248
986 318
986 359
986 448
986 471
987 10
987 38
987 104
987 399
987 444
988 299
988 346
989 38
989 236
989 486
990 215
990 267
990 274
990 444
991 17
991 173
991 188
991 238
991 412
992 33
992 36
992 281
993 36
993 187
993 203
993 387
993 402
993 405
993 412
994 95
994 169
994 171
994 179
994 241
994 259
994 358
994 412
995 132
995 178
995 293
996 47
996 300
996 359
996 374
996 397
996 405
996 416
997 154
997 168
997 209
997 353
998 4
998 48
998 397
998 439
999 183
999 264
999 336
999 413
1000 150
1000 279
1000 402
1000 451
